list of initial bad blocks :

bank 0(A0) L: 136 of 4152 (3.28%)
4 5 6 7 8 9 10 11 12 13 14 15 16 17 18 19 20 21 22 23 24 25 26 27 28 29 30 31 32 33 36 37 38 39 40 41 42 43 61 527 564 1466 2282 3657 3719 4146 4147 4 5 6 7 8 9 10 11 12 13 14 15 16 17 18 19 20 21 22 23 24 25 26 27 28 29 30 31 32 33 36 37 38 39 40 41 42 43 61 527 564 1466 2282 3657 3719 4146 4147 4 5 6 7 8 9 10 11 12 13 14 15 16 17 18 19 20 21 22 23 24 25 26 27 28 29 30 31 32 33 36 37 38 39 40 41 42 43 61 527 564 1466 
bank 0(A0) H: 147 of 4152 (3.54%)
4 5 6 7 8 9 10 11 12 13 14 15 16 17 18 19 20 21 22 23 24 25 26 27 28 29 30 31 32 33 36 37 38 39 40 41 42 43 543 545 635 688 935 1046 1856 1862 1999 3701 4146 4147 4 5 6 7 8 9 10 11 12 13 14 15 16 17 18 19 20 21 22 23 24 25 26 27 28 29 30 31 32 33 36 37 38 39 40 41 42 43 543 545 635 688 935 1046 1856 1862 1999 3701 4146 4147 4 5 6 7 8 9 10 11 12 13 14 15 16 17 18 19 20 21 22 23 24 25 26 27 28 29 30 31 32 33 36 37 38 39 40 41 42 43 543 545 635 688 935 1046 1856 1862 1999 
bank 1(B0) L: 130 of 4152 (3.13%)
6 7 8 9 10 11 14 15 16 17 18 19 20 21 22 23 24 25 26 27 28 29 30 31 32 33 34 35 36 37 40 41 42 43 44 45 46 47 1082 1108 2840 3544 3742 4146 4147 6 7 8 9 10 11 14 15 16 17 18 19 20 21 22 23 24 25 26 27 28 29 30 31 32 33 34 35 36 37 40 41 42 43 44 45 46 47 1082 1108 2840 3544 3742 4146 4147 6 7 8 9 10 11 14 15 16 17 18 19 20 21 22 23 24 25 26 27 28 29 30 31 32 33 34 35 36 37 40 41 42 43 44 45 46 47 1082 1108 
bank 1(B0) H: 163 of 4152 (3.93%)
5 6 7 8 9 10 11 12 14 15 16 17 18 19 20 21 22 23 24 25 26 27 28 29 30 31 32 33 34 35 36 37 40 41 42 43 44 45 46 47 92 413 911 1072 1149 1516 1575 1577 1897 2265 2267 2343 3133 3831 4132 4146 4147 5 6 7 8 9 10 11 12 14 15 16 17 18 19 20 21 22 23 24 25 26 27 28 29 30 31 32 33 34 35 36 37 40 41 42 43 44 45 46 47 92 413 911 1072 1149 1516 1575 1577 1897 2265 2267 2343 3133 3831 4132 4146 4147 5 6 7 8 9 10 11 12 14 15 16 17 18 19 20 21 22 23 24 25 26 27 28 29 30 31 32 33 34 35 36 37 40 41 42 43 44 45 46 47 92 413 911 1072 1149 1516 1575 1577 1897 
bank 4(A1) L: 153 of 4152 (3.68%)
4 5 6 7 8 9 10 11 12 13 14 15 16 17 18 19 20 21 22 23 24 25 26 27 28 29 30 31 32 33 36 37 38 39 40 41 42 43 903 1055 1368 1387 1727 2367 2420 2432 2640 2696 3191 3397 3997 4009 4024 4146 4147 4 5 6 7 8 9 10 11 12 13 14 15 16 17 18 19 20 21 22 23 24 25 26 27 28 29 30 31 32 33 36 37 38 39 40 41 42 43 903 1055 1368 1387 1727 2367 2420 2432 2640 2696 3191 3397 3997 4009 4024 4146 4147 4 5 6 7 8 9 10 11 12 13 14 15 16 17 18 19 20 21 22 23 24 25 26 27 28 29 30 31 32 33 36 37 38 39 40 41 42 43 903 1055 1368 1387 1727 
bank 4(A1) H: 169 of 4152 (4.07%)
4 5 6 7 8 9 10 11 12 13 14 15 16 17 18 19 20 21 22 23 24 25 26 27 28 29 30 31 32 33 36 37 38 39 40 41 42 43 966 1554 1556 1927 2027 2029 2031 2033 2035 2037 2039 2041 2043 2045 2047 2196 2691 4111 4146 4147 4 5 6 7 8 9 10 11 12 13 14 15 16 17 18 19 20 21 22 23 24 25 26 27 28 29 30 31 32 33 36 37 38 39 40 41 42 43 966 1554 1556 1927 2027 2029 2031 2033 2035 2037 2039 2041 2043 2045 2047 2196 2691 4111 4146 4147 4 5 6 7 8 9 10 11 12 13 14 15 16 17 18 19 20 21 22 23 24 25 26 27 28 29 30 31 32 33 36 37 38 39 40 41 42 43 966 1554 1556 1927 2027 2029 2031 2033 2035 2037 2039 2041 2043 2045 2047 
bank 5(B1) L: 128 of 4152 (3.08%)
4 5 8 9 10 11 12 13 14 15 16 17 18 19 20 21 22 23 24 25 26 27 28 29 30 31 32 33 34 35 38 39 40 41 42 43 44 45 1133 1644 1994 2776 4146 4147 4 5 8 9 10 11 12 13 14 16 17 18 19 20 21 22 23 24 25 26 27 28 29 30 31 32 33 34 35 38 39 40 41 42 43 44 45 1133 1644 1994 2776 4146 4147 4 5 8 9 10 11 12 13 14 15 16 17 18 19 20 21 22 23 24 25 26 27 28 29 30 31 32 33 34 35 38 39 40 41 42 43 44 45 1133 1644 1994 
bank 5(B1) H: 148 of 4152 (3.56%)
4 5 7 8 9 10 11 12 13 14 15 16 17 18 19 20 21 22 23 24 25 26 27 28 29 30 31 32 33 34 35 38 39 40 41 42 43 44 45 1447 1958 1960 1962 2150 2773 2847 2849 2922 3081 3252 3827 4146 4147 4 5 7 8 9 10 11 12 13 14 16 17 18 19 20 21 22 23 24 25 26 27 28 29 30 31 32 33 34 35 38 39 40 41 42 43 44 45 1447 1958 1960 1962 2150 2773 2847 2849 2922 3081 3252 3827 4146 4147 4 5 7 8 9 10 11 12 13 14 15 16 17 18 19 20 21 22 23 24 25 26 27 28 29 30 31 32 33 34 35 38 39 40 41 42 43 44 45 1447 1958 1960 1962 
bank 16(A4) L: 132 of 4152 (3.18%)
4 5 6 7 8 9 10 11 12 13 14 15 16 17 18 19 20 21 22 23 24 25 26 27 28 29 30 31 32 33 36 37 38 39 40 41 42 43 539 996 2517 2542 3414 3612 4146 4147 4 5 6 7 8 9 10 11 12 13 14 15 16 17 18 19 20 21 22 23 24 25 26 27 28 29 30 31 32 33 36 37 38 39 40 41 42 43 539 996 2517 2542 3414 3612 4146 4147 4 5 6 7 8 9 10 11 12 13 14 15 16 17 18 19 20 21 22 23 24 25 26 27 28 29 30 31 32 33 36 37 38 39 40 41 42 43 539 996 
bank 16(A4) H: 143 of 4152 (3.44%)
4 5 6 7 8 9 10 11 12 13 14 15 16 17 18 19 20 21 22 23 24 25 26 27 28 29 30 31 32 33 36 37 38 39 40 41 42 43 1010 1192 1435 1446 1502 1514 1516 2278 3782 4146 4147 4 5 6 7 8 9 10 11 12 13 14 15 16 17 18 19 20 21 22 23 24 25 26 27 28 29 30 31 32 33 36 37 38 39 40 41 42 43 1010 1192 1435 1446 1502 1514 1516 2278 3782 4146 4147 4 5 6 7 8 9 10 11 12 13 14 15 16 17 18 19 20 21 22 23 24 25 26 27 28 29 30 31 32 33 36 37 38 39 40 41 42 43 1010 1192 1435 1446 1502 1514 1516 
bank 17(B4) L: 131 of 4152 (3.16%)
4 5 6 7 8 9 10 11 12 13 14 15 16 17 18 19 20 21 22 23 24 25 26 27 28 29 30 31 36 37 38 39 40 41 42 43 440 443 1007 1176 1792 3107 3673 4146 4147 4 5 6 7 8 9 10 11 12 13 14 15 16 17 18 19 20 21 22 23 24 25 26 27 28 29 30 31 36 37 38 39 40 41 42 43 440 443 1007 1176 1792 3107 3673 4146 4147 4 5 6 7 8 9 10 11 12 13 14 15 16 17 18 19 20 21 22 23 24 25 26 27 28 29 30 31 36 37 38 39 40 41 42 43 440 443 1007 1176 1792 
bank 17(B4) H: 136 of 4152 (3.28%)
4 5 6 7 8 9 10 11 12 13 14 15 16 17 18 19 20 21 22 23 24 25 26 27 28 29 30 31 36 37 38 39 40 41 42 43 162 264 1767 1920 2103 2126 2252 2770 3316 3763 4146 4147 4 5 6 7 8 9 10 11 12 13 14 15 16 17 18 19 20 21 22 23 24 25 26 27 28 29 30 31 36 37 38 39 40 41 42 43 162 264 1767 1920 2103 2126 2252 2770 3316 3763 4146 4147 4 5 6 7 8 9 10 11 12 13 14 15 16 17 18 19 20 21 22 23 24 25 26 27 28 29 30 31 36 37 38 39 40 41 42 43 162 264 1767 1920 
bank 20(A5) L: 133 of 4152 (3.20%)
4 5 6 7 8 9 10 11 12 13 14 15 16 17 18 19 20 21 22 23 24 25 26 27 28 29 30 31 36 37 38 39 40 41 42 43 662 2187 2740 2953 3292 3293 3458 3551 3660 3661 4146 4147 4 5 6 7 8 9 10 11 12 13 14 15 16 17 18 19 20 21 22 23 24 25 26 27 28 29 30 31 36 37 38 39 40 41 42 43 662 2187 2740 2953 3292 3293 3458 3551 3660 3661 4146 4147 4 5 6 7 8 9 10 11 12 13 14 15 16 17 18 19 20 21 22 23 24 25 26 27 28 29 30 31 36 37 38 39 40 41 42 43 662 
bank 20(A5) H: 122 of 4152 (2.94%)
4 5 6 7 8 9 10 11 12 13 14 15 16 17 18 19 20 21 22 23 24 25 26 27 28 29 30 31 36 37 38 39 40 41 42 43 246 1106 2160 3563 4146 4147 4 5 6 7 8 9 10 11 12 13 14 15 16 17 18 19 20 21 22 23 24 25 26 27 28 29 30 31 36 37 38 39 40 41 42 43 246 1106 2160 3563 4146 4147 4 5 6 7 8 9 10 11 12 13 14 15 16 17 18 19 20 21 22 23 24 25 26 27 28 29 30 31 36 37 38 39 40 41 42 43 246 1106 
bank 21(B5) L: 142 of 4152 (3.42%)
4 5 6 7 8 9 10 11 12 13 14 15 16 17 18 19 20 21 22 23 24 25 26 27 28 29 30 31 36 37 38 39 40 41 42 43 170 448 449 848 1552 1766 2082 2268 2359 2859 3520 3974 4146 4147 4 5 6 7 8 9 10 11 12 13 14 15 16 17 18 19 20 21 22 23 24 25 26 27 28 29 30 31 36 37 38 39 40 41 42 43 170 448 449 848 1552 1766 2082 2268 2359 2859 3520 3974 4146 4147 4 5 6 7 8 9 10 11 12 13 14 15 16 17 18 19 20 21 22 23 24 25 26 27 28 29 30 31 36 37 38 39 40 41 42 43 170 448 449 848 1552 1766 
bank 21(B5) H: 131 of 4152 (3.16%)
4 5 6 7 8 9 10 11 12 13 14 15 16 17 18 19 20 21 22 23 24 25 26 27 28 29 30 31 36 37 38 39 40 41 42 43 513 871 905 2411 2926 2975 3469 3730 4146 4147 4 5 6 7 8 9 10 11 12 13 14 15 16 17 18 19 20 21 22 23 24 25 26 27 28 29 30 31 36 37 38 39 40 41 42 43 513 871 905 2411 2926 2975 3469 3730 4146 4147 4 5 6 7 8 9 10 11 12 13 14 15 16 17 18 19 20 21 22 23 24 25 26 27 28 29 30 31 36 37 38 39 40 41 42 43 513 871 905 
